0 373 2 664 1 81 3
1 986 3 619 1 963 1
1 3 0 807 1 500 2
0 433 3 490 1 696 2
0 891 0 76 0 315 1
1 396 0 673 3 679 0
0 619 1 227 2 321 3
1 822 1 26 3 789 0
0 461 2 728 0 362 1
1 677 2 1010 2 630 3
1 285 0 465 0 469 0
1 791 3 574 1 545 0
0 310 0 724 3 942 1
1 281 2 644 2 732 3
0 338 2 393 3 170 2
0 640 3 1007 3 206 1
0 751 2 792 1 226 0
0 145 1 884 2 107 0
0 839 3 345 1 378 2
1 548 1 257 0 76 0
1 282 1 543 2 931 3
1 134 0 856 3 701 0
1 809 0 41 0 308 2
0 686 1 531 2 674 0
1 750 0 946 0 801 2
0 709 1 66 3 557 2
0 235 2 803 0 810 0
0 94 3 398 0 308 1
1 982 1 342 0 697 0
0 475 2 735 0 484 1
1 17 3 77 0 289 0
0 75 0 917 2 907 3
1 896 3 159 3 532 3
1 776 3 362 3 166 2
0 640 3 845 2 72 3
0 431 2 562 3 228 3
1 289 3 620 2 887 0
1 395 3 494 3 583 0
0 749 2 523 1 858 0
1 930 3 223 2 537 1
1 765 1 150 2 264 2
0 127 2 589 2 494 3
1 53 0 152 2 982 3
1 816 3 1011 3 198 2
1 735 0 546 0 269 0
0 533 2 699 1 969 0
1 439 0 829 0 216 1
0 174 0 413 3 627 0
0 825 3 727 0 583 1
0 852 1 494 1 363 1
0 308 2 158 3 758 3
1 974 0 485 0 552 3
1 155 3 781 0 886 0
0 445 1 480 1 654 2
1 1018 0 633 2 554 3
0 288 2 241 2 674 3
0 202 2 454 1 877 3
1 740 0 805 1 405 1
1 36 0 46 2 332 3
0 886 3 358 2 177 0
0 852 3 750 2 905 0
0 758 0 701 2 64 3
0 469 0 47 1 956 1
1 264 0 868 2 195 2
1 896 3 159 3 532 3
1 776 3 362 3 166 2
0 640 3 845 2 72 3
0 431 2 562 3 228 3
1 289 3 620 2 887 0
1 395 3 494 3 583 0
0 749 2 523 1 858 0
1 930 3 223 2 537 1
1 765 1 150 2 264 2
0 127 2 589 2 494 3
1 53 0 152 2 982 3
1 816 3 1011 3 198 2
1 735 0 546 0 269 0
0 533 2 699 1 969 0
1 439 0 829 0 216 1
0 174 0 413 3 627 0
0 825 3 727 0 583 1
0 852 1 494 1 363 1
0 308 2 158 3 758 3
1 974 0 485 0 552 3
1 155 3 781 0 886 0
0 445 1 480 1 654 2
1 1018 0 633 2 554 3
0 288 2 241 2 674 3
0 202 2 454 1 877 3
1 740 0 805 1 405 1
1 36 0 46 2 332 3
0 886 3 358 2 177 0
0 852 3 750 2 905 0
0 758 0 701 2 64 3
0 469 0 47 1 956 1
1 264 0 868 2 195 2
0 191 1 917 1 890 3
1 564 0 550 3 206 1
1 690 2 154 0 737 3
0 2 3 209 1 787 2
1 671 1 174 2 590 3
0 457 3 845 1 803 3
0 1009 0 187 0 670 1
0 383 0 296 1 659 1
1 422 3 710 1 1001 0
0 567 0 920 0 231 1
1 10 1 9 3 721 0
1 368 1 7 3 85 0
1 744 1 576 3 393 2
0 370 3 120 1 51 0
0 282 2 935 0 847 1
1 544 1 959 0 655 2
0 740 2 753 1 32 1
0 425 3 816 3 690 1
0 741 1 622 3 687 2
1 510 3 579 3 572 2
1 203 0 559 0 703 0
1 735 1 985 0 137 1
1 827 2 615 1 620 2
0 283 0 836 2 179 3
1 751 1 744 3 337 0
1 16 0 232 3 138 1
1 275 2 794 2 637 2
1 233 0 144 0 324 0
0 503 3 87 2 228 0
1 565 0 12 2 656 0
1 794 1 173 1 384 3
0 1021 1 747 2 929 3
0 229 3 9 0 170 0
1 398 0 100 0 1016 1
0 649 1 831 3 795 0
1 155 0 589 0 253 0
0 159 0 104 0 3 1
1 174 2 36 0 114 0
0 107 1 10 0 607 2
1 378 2 616 1 746 1
1 1000 2 43 3 674 3
1 677 1 620 3 471 0
0 585 1 912 0 18 3
0 625 1 576 3 539 0
0 262 2 173 2 844 0
1 494 0 896 3 625 1
1 72 1 375 1 918 3
0 937 2 750 2 903 2
0 419 3 6 1 821 0
1 641 0 268 3 760 0
0 361 1 233 1 759 0
1 653 0 393 2 10 3
1 914 2 599 1 893 1
0 690 1 885 3 158 1
0 918 1 676 0 903 2
1 638 2 756 3 342 1
0 353 1 915 3 667 2
0 536 3 518 2 857 3
1 1015 0 927 1 777 3
1 656 1 831 2 960 3
0 278 1 348 3 934 3
0 577 1 402 1 800 0
1 633 3 800 0 783 3
0 537 2 651 1 724 2
1 896 3 159 3 532 3
1 776 3 362 3 166 2
0 640 3 845 2 72 3
0 431 2 562 3 228 3
1 289 3 620 2 887 0
1 395 3 494 3 583 0
0 749 2 523 1 858 0
1 930 3 223 2 537 1
1 765 1 150 2 264 2
0 127 2 589 2 494 3
1 53 0 152 2 982 3
1 816 3 1011 3 198 2
1 735 0 546 0 269 0
0 533 2 699 1 969 0
1 439 0 829 0 216 1
0 174 0 413 3 627 0
0 825 3 727 0 583 1
0 852 1 494 1 363 1
0 308 2 158 3 758 3
1 974 0 485 0 552 3
1 155 3 781 0 886 0
0 445 1 480 1 654 2
1 1018 0 633 2 554 3
0 288 2 241 2 674 3
0 202 2 454 1 877 3
1 740 0 805 1 405 1
1 36 0 46 2 332 3
0 886 3 358 2 177 0
0 852 3 750 2 905 0
0 758 0 701 2 64 3
0 469 0 47 1 956 1
1 264 0 868 2 195 2
0 660 2 978 2 687 2
0 597 1 396 2 246 3
1 22 3 530 0 971 2
0 730 1 766 3 243 2
1 967 0 853 3 850 3
0 513 1 40 2 626 0
0 872 3 475 2 907 1
0 854 3 783 0 272 1
0 516 3 193 3 748 2
1 574 1 557 0 914 1
0 516 1 387 0 221 2
0 104 0 761 2 107 0
0 380 1 274 0 941 3
1 665 1 370 3 294 3
1 184 0 430 0 510 1
0 731 3 275 3 475 0
1 583 0 239 3 553 2
1 470 1 142 3 447 1
1 741 0 606 2 917 0
0 403 1 643 2 461 2
1 936 2 690 3 438 1
0 991 3 245 2 377 0
1 824 1 876 1 293 3
1 186 3 22 1 277 1
1 738 3 620 2 465 2
0 903 0 556 2 611 2
0 988 2 834 0 43 2
0 336 1 749 3 593 3
0 870 0 788 0 971 0
0 412 3 332 3 863 1
0 450 3 422 3 833 0
1 876 3 485 0 16 3
1 896 3 159 3 532 3
1 776 3 362 3 166 2
0 640 3 845 2 72 3
0 431 2 562 3 228 3
1 289 3 620 2 887 0
1 395 3 494 3 583 0
0 749 2 523 1 858 0
1 930 3 223 2 537 1
1 765 1 150 2 264 2
0 127 2 589 2 494 3
1 53 0 152 2 982 3
1 816 3 1011 3 198 2
1 735 0 546 0 269 0
0 533 2 699 1 969 0
1 439 0 829 0 216 1
0 174 0 413 3 627 0
0 825 3 727 0 583 1
0 852 1 494 1 363 1
0 308 2 158 3 758 3
1 974 0 485 0 552 3
1 155 3 781 0 886 0
0 445 1 480 1 654 2
1 1018 0 633 2 554 3
0 288 2 241 2 674 3
0 202 2 454 1 877 3
1 740 0 805 1 405 1
1 36 0 46 2 332 3
0 886 3 358 2 177 0
0 852 3 750 2 905 0
0 758 0 701 2 64 3
0 469 0 47 1 956 1
1 264 0 868 2 195 2
1 896 3 159 3 532 3
1 776 3 362 3 166 2
0 640 3 845 2 72 3
0 431 2 562 3 228 3
1 289 3 620 2 887 0
1 395 3 494 3 583 0
0 749 2 523 1 858 0
1 930 3 223 2 537 1
1 765 1 150 2 264 2
0 127 2 589 2 494 3
1 53 0 152 2 982 3
1 816 3 1011 3 198 2
1 735 0 546 0 269 0
0 533 2 699 1 969 0
1 439 0 829 0 216 1
0 174 0 413 3 627 0
0 825 3 727 0 583 1
0 852 1 494 1 363 1
0 308 2 158 3 758 3
1 974 0 485 0 552 3
1 155 3 781 0 886 0
0 445 1 480 1 654 2
1 1018 0 633 2 554 3
0 288 2 241 2 674 3
0 202 2 454 1 877 3
1 740 0 805 1 405 1
1 36 0 46 2 332 3
0 886 3 358 2 177 0
0 852 3 750 2 905 0
0 758 0 701 2 64 3
0 469 0 47 1 956 1
1 264 0 868 2 195 2
1 896 3 159 3 532 3
1 776 3 362 3 166 2
0 640 3 845 2 72 3
0 431 2 562 3 228 3
1 289 3 620 2 887 0
1 395 3 494 3 583 0
0 749 2 523 1 858 0
1 930 3 223 2 537 1
1 765 1 150 2 264 2
0 127 2 589 2 494 3
1 53 0 152 2 982 3
1 816 3 1011 3 198 2
1 735 0 546 0 269 0
0 533 2 699 1 969 0
1 439 0 829 0 216 1
0 174 0 413 3 627 0
0 825 3 727 0 583 1
0 852 1 494 1 363 1
0 308 2 158 3 758 3
1 974 0 485 0 552 3
1 155 3 781 0 886 0
0 445 1 480 1 654 2
1 1018 0 633 2 554 3
0 288 2 241 2 674 3
0 202 2 454 1 877 3
1 740 0 805 1 405 1
1 36 0 46 2 332 3
0 886 3 358 2 177 0
0 852 3 750 2 905 0
0 758 0 701 2 64 3
0 469 0 47 1 956 1
1 264 0 868 2 195 2
1 896 3 159 3 532 3
1 776 3 362 3 166 2
0 640 3 845 2 72 3
0 431 2 562 3 228 3
1 289 3 620 2 887 0
1 395 3 494 3 583 0
0 749 2 523 1 858 0
1 930 3 223 2 537 1
1 765 1 150 2 264 2
0 127 2 589 2 494 3
1 53 0 152 2 982 3
1 816 3 1011 3 198 2
1 735 0 546 0 269 0
0 533 2 699 1 969 0
1 439 0 829 0 216 1
0 174 0 413 3 627 0
0 825 3 727 0 583 1
0 852 1 494 1 363 1
0 308 2 158 3 758 3
1 974 0 485 0 552 3
1 155 3 781 0 886 0
0 445 1 480 1 654 2
1 1018 0 633 2 554 3
0 288 2 241 2 674 3
0 202 2 454 1 877 3
1 740 0 805 1 405 1
1 36 0 46 2 332 3
0 886 3 358 2 177 0
0 852 3 750 2 905 0
0 758 0 701 2 64 3
0 469 0 47 1 956 1
1 264 0 868 2 195 2
1 896 3 159 3 532 3
1 776 3 362 3 166 2
0 640 3 845 2 72 3
0 431 2 562 3 228 3
1 289 3 620 2 887 0
1 395 3 494 3 583 0
0 749 2 523 1 858 0
1 930 3 223 2 537 1
1 765 1 150 2 264 2
0 127 2 589 2 494 3
1 53 0 152 2 982 3
1 816 3 1011 3 198 2
1 735 0 546 0 269 0
0 533 2 699 1 969 0
1 439 0 829 0 216 1
0 174 0 413 3 627 0
0 825 3 727 0 583 1
0 852 1 494 1 363 1
0 308 2 158 3 758 3
1 974 0 485 0 552 3
1 155 3 781 0 886 0
0 445 1 480 1 654 2
1 1018 0 633 2 554 3
0 288 2 241 2 674 3
0 202 2 454 1 877 3
1 740 0 805 1 405 1
1 36 0 46 2 332 3
0 886 3 358 2 177 0
0 852 3 750 2 905 0
0 758 0 701 2 64 3
0 469 0 47 1 956 1
1 264 0 868 2 195 2
1 896 3 159 3 532 3
1 776 3 362 3 166 2
0 640 3 845 2 72 3
0 431 2 562 3 228 3
1 289 3 620 2 887 0
1 395 3 494 3 583 0
0 749 2 523 1 858 0
1 930 3 223 2 537 1
1 765 1 150 2 264 2
0 127 2 589 2 494 3
1 53 0 152 2 982 3
1 816 3 1011 3 198 2
1 735 0 546 0 269 0
0 533 2 699 1 969 0
1 439 0 829 0 216 1
0 174 0 413 3 627 0
0 825 3 727 0 583 1
0 852 1 494 1 363 1
0 308 2 158 3 758 3
1 974 0 485 0 552 3
1 155 3 781 0 886 0
0 445 1 480 1 654 2
1 1018 0 633 2 554 3
0 288 2 241 2 674 3
0 202 2 454 1 877 3
1 740 0 805 1 405 1
1 36 0 46 2 332 3
0 886 3 358 2 177 0
0 852 3 750 2 905 0
0 758 0 701 2 64 3
0 469 0 47 1 956 1
1 264 0 868 2 195 2
1 896 3 159 3 532 3
1 776 3 362 3 166 2
0 640 3 845 2 72 3
0 431 2 562 3 228 3
1 289 3 620 2 887 0
1 395 3 494 3 583 0
0 749 2 523 1 858 0
1 930 3 223 2 537 1
1 765 1 150 2 264 2
0 127 2 589 2 494 3
1 53 0 152 2 982 3
1 816 3 1011 3 198 2
1 735 0 546 0 269 0
0 533 2 699 1 969 0
1 439 0 829 0 216 1
0 174 0 413 3 627 0
0 825 3 727 0 583 1
0 852 1 494 1 363 1
0 308 2 158 3 758 3
1 974 0 485 0 552 3
1 155 3 781 0 886 0
0 445 1 480 1 654 2
1 1018 0 633 2 554 3
0 288 2 241 2 674 3
0 202 2 454 1 877 3
1 740 0 805 1 405 1
1 36 0 46 2 332 3
0 886 3 358 2 177 0
0 852 3 750 2 905 0
0 758 0 701 2 64 3
0 469 0 47 1 956 1
1 264 0 868 2 195 2
1 609 2 800 3 371 0
1 318 0 226 3 595 2
0 434 3 136 1 66 3
0 899 3 455 3 686 1
0 703 0 627 0 86 3
0 457 3 759 0 892 1
1 463 0 481 2 943 2
1 1010 1 11 1 944 2
1 607 3 529 2 511 0
0 598 0 294 3 479 2
1 347 3 266 3 511 0
1 431 2 420 1 495 3
0 415 1 891 2 257 0
0 768 1 859 2 41 1
0 520 3 157 0 151 0
1 662 0 316 1 490 0
0 985 3 765 0 16 0
1 273 1 659 2 534 2
0 575 0 734 3 783 0
1 934 0 570 1 440 2
0 930 2 105 3 741 2
1 758 2 618 3 483 2
1 1017 0 386 0 348 0
0 108 0 555 2 256 2
1 696 0 210 2 563 3
1 280 1 713 2 639 3
0 99 1 47 0 286 1
1 634 2 277 2 494 0
1 751 2 328 3 899 2
0 438 1 471 2 1014 0
1 630 0 755 1 5 2
1 291 0 458 2 742 3
1 896 3 159 3 532 3
1 776 3 362 3 166 2
0 640 3 845 2 72 3
0 431 2 562 3 228 3
1 289 3 620 2 887 0
1 395 3 494 3 583 0
0 749 2 523 1 858 0
1 930 3 223 2 537 1
1 765 1 150 2 264 2
0 127 2 589 2 494 3
1 53 0 152 2 982 3
1 816 3 1011 3 198 2
1 735 0 546 0 269 0
0 533 2 699 1 969 0
1 439 0 829 0 216 1
0 174 0 413 3 627 0
0 825 3 727 0 583 1
0 852 1 494 1 363 1
0 308 2 158 3 758 3
1 974 0 485 0 552 3
1 155 3 781 0 886 0
0 445 1 480 1 654 2
1 1018 0 633 2 554 3
0 288 2 241 2 674 3
0 202 2 454 1 877 3
1 740 0 805 1 405 1
1 36 0 46 2 332 3
0 886 3 358 2 177 0
0 852 3 750 2 905 0
0 758 0 701 2 64 3
0 469 0 47 1 956 1
1 264 0 868 2 195 2
1 896 3 159 3 532 3
1 776 3 362 3 166 2
0 640 3 845 2 72 3
0 431 2 562 3 228 3
1 289 3 620 2 887 0
1 395 3 494 3 583 0
0 749 2 523 1 858 0
1 930 3 223 2 537 1
1 765 1 150 2 264 2
0 127 2 589 2 494 3
1 53 0 152 2 982 3
1 816 3 1011 3 198 2
1 735 0 546 0 269 0
0 533 2 699 1 969 0
1 439 0 829 0 216 1
0 174 0 413 3 627 0
0 825 3 727 0 583 1
0 852 1 494 1 363 1
0 308 2 158 3 758 3
1 974 0 485 0 552 3
1 155 3 781 0 886 0
0 445 1 480 1 654 2
1 1018 0 633 2 554 3
0 288 2 241 2 674 3
0 202 2 454 1 877 3
1 740 0 805 1 405 1
1 36 0 46 2 332 3
0 886 3 358 2 177 0
0 852 3 750 2 905 0
0 758 0 701 2 64 3
0 469 0 47 1 956 1
1 264 0 868 2 195 2
1 896 3 159 3 532 3
1 776 3 362 3 166 2
0 640 3 845 2 72 3
0 431 2 562 3 228 3
1 289 3 620 2 887 0
1 395 3 494 3 583 0
0 749 2 523 1 858 0
1 930 3 223 2 537 1
1 765 1 150 2 264 2
0 127 2 589 2 494 3
1 53 0 152 2 982 3
1 816 3 1011 3 198 2
1 735 0 546 0 269 0
0 533 2 699 1 969 0
1 439 0 829 0 216 1
0 174 0 413 3 627 0
0 825 3 727 0 583 1
0 852 1 494 1 363 1
0 308 2 158 3 758 3
1 974 0 485 0 552 3
1 155 3 781 0 886 0
0 445 1 480 1 654 2
1 1018 0 633 2 554 3
0 288 2 241 2 674 3
0 202 2 454 1 877 3
1 740 0 805 1 405 1
1 36 0 46 2 332 3
0 886 3 358 2 177 0
0 852 3 750 2 905 0
0 758 0 701 2 64 3
0 469 0 47 1 956 1
1 264 0 868 2 195 2
1 896 3 159 3 532 3
1 776 3 362 3 166 2
0 640 3 845 2 72 3
0 431 2 562 3 228 3
1 289 3 620 2 887 0
1 395 3 494 3 583 0
0 749 2 523 1 858 0
1 930 3 223 2 537 1
1 765 1 150 2 264 2
0 127 2 589 2 494 3
1 53 0 152 2 982 3
1 816 3 1011 3 198 2
1 735 0 546 0 269 0
0 533 2 699 1 969 0
1 439 0 829 0 216 1
0 174 0 413 3 627 0
0 825 3 727 0 583 1
0 852 1 494 1 363 1
0 308 2 158 3 758 3
1 974 0 485 0 552 3
1 155 3 781 0 886 0
0 445 1 480 1 654 2
1 1018 0 633 2 554 3
0 288 2 241 2 674 3
0 202 2 454 1 877 3
1 740 0 805 1 405 1
1 36 0 46 2 332 3
0 886 3 358 2 177 0
0 852 3 750 2 905 0
0 758 0 701 2 64 3
0 469 0 47 1 956 1
1 264 0 868 2 195 2
1 896 3 159 3 532 3
1 776 3 362 3 166 2
0 640 3 845 2 72 3
0 431 2 562 3 228 3
1 289 3 620 2 887 0
1 395 3 494 3 583 0
0 749 2 523 1 858 0
1 930 3 223 2 537 1
1 765 1 150 2 264 2
0 127 2 589 2 494 3
1 53 0 152 2 982 3
1 816 3 1011 3 198 2
1 735 0 546 0 269 0
0 533 2 699 1 969 0
1 439 0 829 0 216 1
0 174 0 413 3 627 0
0 825 3 727 0 583 1
0 852 1 494 1 363 1
0 308 2 158 3 758 3
1 974 0 485 0 552 3
1 155 3 781 0 886 0
0 445 1 480 1 654 2
1 1018 0 633 2 554 3
0 288 2 241 2 674 3
0 202 2 454 1 877 3
1 740 0 805 1 405 1
1 36 0 46 2 332 3
0 886 3 358 2 177 0
0 852 3 750 2 905 0
0 758 0 701 2 64 3
0 469 0 47 1 956 1
1 264 0 868 2 195 2
0 212 0 381 3 454 2
1 329 0 365 3 54 0
0 44 1 171 2 441 2
1 446 0 177 2 916 3
0 634 3 260 3 891 2
0 321 0 125 3 552 2
0 606 3 856 3 276 3
1 717 1 681 3 610 2
1 502 1 493 1 816 2
0 683 0 722 1 700 0
0 228 2 2 3 617 3
0 893 2 763 2 768 0
0 354 2 579 0 724 1
1 516 3 905 0 151 0
1 851 0 789 3 742 3
0 336 2 328 1 465 0
0 209 0 494 3 743 1
1 443 2 341 3 901 2
1 28 2 268 3 230 1
1 973 1 801 1 427 2
0 892 2 258 1 662 0
0 381 2 12 0 900 1
0 778 3 871 2 378 0
0 608 1 573 1 974 2
0 378 0 309 2 630 3
0 269 0 964 2 74 0
1 974 1 187 0 881 2
1 235 2 149 3 300 2
1 250 0 195 0 505 0
1 111 0 175 0 344 3
1 418 0 458 0 373 1
1 230 3 584 1 830 1
1 896 3 159 3 532 3
1 776 3 362 3 166 2
0 640 3 845 2 72 3
0 431 2 562 3 228 3
1 289 3 620 2 887 0
1 395 3 494 3 583 0
0 749 2 523 1 858 0
1 930 3 223 2 537 1
1 765 1 150 2 264 2
0 127 2 589 2 494 3
1 53 0 152 2 982 3
1 816 3 1011 3 198 2
1 735 0 546 0 269 0
0 533 2 699 1 969 0
1 439 0 829 0 216 1
0 174 0 413 3 627 0
0 825 3 727 0 583 1
0 852 1 494 1 363 1
0 308 2 158 3 758 3
1 974 0 485 0 552 3
1 155 3 781 0 886 0
0 445 1 480 1 654 2
1 1018 0 633 2 554 3
0 288 2 241 2 674 3
0 202 2 454 1 877 3
1 740 0 805 1 405 1
1 36 0 46 2 332 3
0 886 3 358 2 177 0
0 852 3 750 2 905 0
0 758 0 701 2 64 3
0 469 0 47 1 956 1
1 264 0 868 2 195 2
1 896 3 159 3 532 3
1 776 3 362 3 166 2
0 640 3 845 2 72 3
0 431 2 562 3 228 3
1 289 3 620 2 887 0
1 395 3 494 3 583 0
0 749 2 523 1 858 0
1 930 3 223 2 537 1
1 765 1 150 2 264 2
0 127 2 589 2 494 3
1 53 0 152 2 982 3
1 816 3 1011 3 198 2
1 735 0 546 0 269 0
0 533 2 699 1 969 0
1 439 0 829 0 216 1
0 174 0 413 3 627 0
0 825 3 727 0 583 1
0 852 1 494 1 363 1
0 308 2 158 3 758 3
1 974 0 485 0 552 3
1 155 3 781 0 886 0
0 445 1 480 1 654 2
1 1018 0 633 2 554 3
0 288 2 241 2 674 3
0 202 2 454 1 877 3
1 740 0 805 1 405 1
1 36 0 46 2 332 3
0 886 3 358 2 177 0
0 852 3 750 2 905 0
0 758 0 701 2 64 3
0 469 0 47 1 956 1
1 264 0 868 2 195 2
1 896 3 159 3 532 3
1 776 3 362 3 166 2
0 640 3 845 2 72 3
0 431 2 562 3 228 3
1 289 3 620 2 887 0
1 395 3 494 3 583 0
0 749 2 523 1 858 0
1 930 3 223 2 537 1
1 765 1 150 2 264 2
0 127 2 589 2 494 3
1 53 0 152 2 982 3
1 816 3 1011 3 198 2
1 735 0 546 0 269 0
0 533 2 699 1 969 0
1 439 0 829 0 216 1
0 174 0 413 3 627 0
0 825 3 727 0 583 1
0 852 1 494 1 363 1
0 308 2 158 3 758 3
1 974 0 485 0 552 3
1 155 3 781 0 886 0
0 445 1 480 1 654 2
1 1018 0 633 2 554 3
0 288 2 241 2 674 3
0 202 2 454 1 877 3
1 740 0 805 1 405 1
1 36 0 46 2 332 3
0 886 3 358 2 177 0
0 852 3 750 2 905 0
0 758 0 701 2 64 3
0 469 0 47 1 956 1
1 264 0 868 2 195 2
1 106 3 662 0 479 1
1 984 2 836 0 386 3
0 730 2 459 0 170 1
0 544 2 565 2 194 1
0 0 2 501 2 265 3
0 745 0 423 1 310 3
1 696 2 206 2 325 1
0 495 3 1019 3 73 0
0 267 2 1006 3 520 3
1 786 2 836 3 594 3
0 905 3 966 1 693 0
0 1018 1 482 2 348 1
1 422 2 271 1 700 1
1 196 0 306 2 334 2
1 929 2 654 2 825 0
1 494 0 319 1 533 2
1 882 3 460 0 269 0
1 969 1 902 2 698 1
0 8 3 566 1 657 0
1 458 0 63 1 512 2
0 21 0 373 3 416 1
1 685 1 105 3 503 3
1 177 0 873 1 472 3
1 105 3 822 0 379 1
1 891 0 911 1 404 0
0 820 1 952 2 611 1
1 90 0 862 3 185 3
0 657 3 551 2 714 2
0 70 3 795 1 455 2
0 860 2 619 0 1012 3
0 599 0 203 1 596 1
0 781 1 384 2 856 0
1 896 3 159 3 532 3
1 776 3 362 3 166 2
0 640 3 845 2 72 3
0 431 2 562 3 228 3
1 289 3 620 2 887 0
1 395 3 494 3 583 0
0 749 2 523 1 858 0
1 930 3 223 2 537 1
1 765 1 150 2 264 2
0 127 2 589 2 494 3
1 53 0 152 2 982 3
1 816 3 1011 3 198 2
1 735 0 546 0 269 0
0 533 2 699 1 969 0
1 439 0 829 0 216 1
0 174 0 413 3 627 0
0 825 3 727 0 583 1
0 852 1 494 1 363 1
0 308 2 158 3 758 3
1 974 0 485 0 552 3
1 155 3 781 0 886 0
0 445 1 480 1 654 2
1 1018 0 633 2 554 3
0 288 2 241 2 674 3
0 202 2 454 1 877 3
1 740 0 805 1 405 1
1 36 0 46 2 332 3
0 886 3 358 2 177 0
0 852 3 750 2 905 0
0 758 0 701 2 64 3
0 469 0 47 1 956 1
1 264 0 868 2 195 2
1 546 2 455 0 473 3
0 929 1 380 1 828 3
1 816 2 512 3 78 3
0 675 1 1012 0 486 0
1 318 0 1000 0 546 3
1 1020 2 1011 1 544 3
0 348 3 39 0 865 3
1 944 3 587 3 1000 3
1 462 3 850 0 208 2
0 754 2 53 2 892 0
1 412 0 293 0 751 1
0 592 0 407 0 103 2
1 79 1 87 1 469 1
1 677 0 918 3 974 3
0 842 0 785 3 396 3
1 123 0 868 3 248 3
0 352 2 287 3 767 2
1 212 0 246 1 4 0
1 978 0 407 0 76 0
1 472 3 995 3 611 3
0 860 2 490 0 288 2
1 32 0 568 0 416 3
0 420 3 383 2 19 2
1 95 2 150 3 158 1
0 769 0 425 1 3 3
1 291 1 389 3 798 1
0 190 0 678 3 680 1
1 699 3 108 3 761 3
0 919 0 477 1 317 2
0 320 1 16 3 439 1
1 213 2 479 3 63 1
0 743 2 976 2 997 0
1 896 3 159 3 532 3
1 776 3 362 3 166 2
0 640 3 845 2 72 3
0 431 2 562 3 228 3
1 289 3 620 2 887 0
1 395 3 494 3 583 0
0 749 2 523 1 858 0
1 930 3 223 2 537 1
1 765 1 150 2 264 2
0 127 2 589 2 494 3
1 53 0 152 2 982 3
1 816 3 1011 3 198 2
1 735 0 546 0 269 0
0 533 2 699 1 969 0
1 439 0 829 0 216 1
0 174 0 413 3 627 0
0 825 3 727 0 583 1
0 852 1 494 1 363 1
0 308 2 158 3 758 3
1 974 0 485 0 552 3
1 155 3 781 0 886 0
0 445 1 480 1 654 2
1 1018 0 633 2 554 3
0 288 2 241 2 674 3
0 202 2 454 1 877 3
1 740 0 805 1 405 1
1 36 0 46 2 332 3
0 886 3 358 2 177 0
0 852 3 750 2 905 0
0 758 0 701 2 64 3
0 469 0 47 1 956 1
1 264 0 868 2 195 2
1 734 3 528 2 700 1
1 1017 3 517 1 652 1
0 67 2 835 0 253 2
0 316 3 674 3 593 2
1 566 3 643 1 1006 3
1 682 0 154 3 1011 3
0 639 1 889 3 95 0
1 348 3 647 0 390 2
1 984 0 129 2 587 0
1 570 3 686 0 23 0
0 10 0 868 1 669 1
0 764 2 296 1 377 3
1 767 1 429 3 118 2
0 705 2 9 3 201 0
0 224 0 360 2 1000 0
1 645 2 192 2 324 0
1 701 3 204 0 625 1
0 743 3 378 0 473 3
0 674 3 132 2 572 0
0 548 0 992 2 610 0
0 934 0 7 3 31 3
0 656 1 180 3 1012 2
0 462 1 452 0 1005 0
1 553 0 95 1 748 3
1 335 3 803 1 871 2
1 903 2 889 3 843 1
1 831 3 687 1 524 3
0 505 3 369 2 751 0
0 475 0 359 2 751 3
0 599 1 889 2 947 2
1 766 3 900 2 378 3
1 902 2 201 0 353 2
0 80 3 530 0 539 2
0 266 1 374 1 954 3
1 878 1 309 0 768 1
0 122 1 1014 1 403 3
1 757 2 803 1 773 2
1 288 0 712 2 181 2
0 111 2 715 1 271 0
0 16 2 756 2 935 2
1 314 2 524 3 676 0
1 425 2 230 1 790 2
1 971 1 639 2 283 3
0 554 3 610 2 517 2
1 428 1 848 3 1003 1
0 655 1 651 0 243 2
1 9 0 1012 0 781 0
0 40 3 38 3 266 0
1 784 3 850 0 32 3
1 11 0 698 2 653 1
0 896 3 467 1 984 3
1 741 3 875 2 1018 2
1 261 2 494 1 505 1
1 537 0 117 0 996 3
0 625 0 912 1 300 3
0 260 3 215 1 870 2
1 865 0 88 2 495 3
1 1000 0 332 2 876 1
0 848 0 229 1 357 1
0 657 1 300 1 260 3
0 106 1 630 3 538 2
1 9 1 172 1 157 1
1 9 2 538 1 171 3
0 528 0 204 1 333 0
1 896 3 159 3 532 3
1 776 3 362 3 166 2
0 640 3 845 2 72 3
0 431 2 562 3 228 3
1 289 3 620 2 887 0
1 395 3 494 3 583 0
0 749 2 523 1 858 0
1 930 3 223 2 537 1
1 765 1 150 2 264 2
0 127 2 589 2 494 3
1 53 0 152 2 982 3
1 816 3 1011 3 198 2
1 735 0 546 0 269 0
0 533 2 699 1 969 0
1 439 0 829 0 216 1
0 174 0 413 3 627 0
0 825 3 727 0 583 1
0 852 1 494 1 363 1
0 308 2 158 3 758 3
1 974 0 485 0 552 3
1 155 3 781 0 886 0
0 445 1 480 1 654 2
1 1018 0 633 2 554 3
0 288 2 241 2 674 3
0 202 2 454 1 877 3
1 740 0 805 1 405 1
1 36 0 46 2 332 3
0 886 3 358 2 177 0
0 852 3 750 2 905 0
0 758 0 701 2 64 3
0 469 0 47 1 956 1
-1 264 0 868 2 195 2
